5999
8425
9993
9995
11439
12931
65579
66065
67047
67387
69903
69929
70077
71073
71663
71723
73671
76317
76869
77299
78159
78575
79415
81945
87755
89333
89815
89837
90349
90351
91123
91399
92505
94055
95893
101677
132001
136649
137317
137961
140343
143895
144091
145751
148301
149405
152851
154275
187249
204015
206821
263253
281533
284641
285323
287615
288223
289603
296365
296865
296995
303385
303605
309011
309257
312669
313249
400077
400561
400569
400831
401191
401581
403213
403371
405387
405669
405765
405783
405833
406231
406397
406687
406961
407041
407075
407207
407219
407261
407557
407867
407935
408235
408715
409029
409607
410109
420185
420237
420313
420339
420379
420393
420399
420475
420627
420873
421431
421433
421777
421897
422377
422825
422865
422869
423535
423807
423831
424027
424337
424437
424709
426433
426737
426777
637537
642589
660897
673603
681015
682077
1122615
1127365
1134923
1149305
1149763
1150371
1154247
1154705
1154895
1155101
1155345
1155351
1158539
1159437
1164267
1165435
1171205
1171363
1172707
1173079
1173087
1173657
1176321
1181081
1187255
1193275
1207899
1208031
1224139
1224579
1225011
1225077
1226845
1228295
1231575
1232317
1232643
1233303
1233573
1234437
1237011
1237165
1237383
1238141
1238143
1238169
1243261
1244011
1244095
1244445
1244561
1249395
1256695
1263123
1263353
1263397
1264053
1265041
1269473
1278015
1293295
1344831
1353999
1354617
1355107
1355187
1355393
1355445
1356831
1358461
1360113
1361147
1361793
1361903
1362379
1362699
1363433
1363507
1364251
1364445
1366087
1367201
1367205
1367849
1368063
1371655
1373817
1374803
1374813
1377957
1381951
1384549
1384611
1386933
1390279
1391167
1392417
1393457
1393671
1393747
1393851
1395121
1396165
1399273
1600465
1600645
1600647
1600843
1600865
1601375
1601403
1605349
1605621
1609609
1611265
1614725
1615209
1624307
1624677
1625093
1627407
1628143
1628443
1628703
1630995
1631611
1631733
1632005
1632301
1632365
1634077
1634093
1634101
1635407
1637825
1638423
1640063
1640295
1640357
1641463
1643219
1643933
1643999
1645099
1646131
1647535
1647579
1648629
1649035
1649319
1649789
1650619
1650801
1650951
1651115
1651277
1651515
1651903
1652333
1652533
1652835
1654765
1655273
1656235
1656255
1656265
1656369
1656519
1656771
1660219
1661129
1661507
1661527
1662361
1662565
1663405
1663583
1663777
1665489
1665511
1666051
1666061
1667483
1667503
1669779
1670105
1670309
1670343
1671499
1671507
1671537
1671783
1671897
1672097
1672217
1672979
1673081
1673833
1678789
1679649
1692329
1693939
1693943
1693945
1695319
1695439
1695443
1696353
1700209
1700223
1706079
1706603
1707031
1707051
1709203
1709325
1710197
1711467
1711469
1711851
1713665
1715573
1718613
1718863
1726895
1729505
1731013
1731049
1732025
1732371
1732373
1732505
1732755
1732859
1732889
1732979
1732991
1733241
1734205
1734313
1737537
1739197
1739397
1760063
