11447
12745
18729
66991
69781
73441
74545
74775
75767
76909
207997
260191
267473
298327
303393
313345
407229
420719
420721
421655
422379
422715
422921
423093
423289
423557
426607
634409
646031
649473
680545
682155
682157
1122363
1149233
1149317
1149327
1150765
1161271
1165247
1165387
1165627
1200043
1205013
1231593
1233611
1234393
1234491
1237015
1237505
1239949
1240585
1243267
1243319
1243321
1243329
1243461
1243477
1243777
1244003
1244443
1244467
1244535
1244989
1245249
1256687
1262843
1263603
1264753
1265209
1265213
1265217
1265225
1265891
1277941
1277945
1277961
1281971
1287087
1287123
1287163
1292847
1292879
1292977
1293157
1293239
1293569
1333601
1338671
1344905
1344907
1345083
1345139
1346149
1346681
1355049
1355891
1357663
1358001
1358367
1361109
1361951
1362621
1364513
1364691
1367641
1367855
1378139
1381981
1383437
1384099
1385791
1387213
1392697
1600385
1600837
1601199
1602283
1624261
1626777
1628045
1628097
1632419
1637305
1637321
1637851
1638249
1638567
1643055
1643157
1644243
1647555
1647565
1647893
1648681
1648815
1649705
1650057
1650109
1650135
1650193
1650465
1650691
1650769
1651369
1651861
1652559
1652567
1652757
1653023
1653179
1653363
1653493
1654097
1654925
1655285
1655531
1655711
1656143
1656423
1657451
1660457
1660663
1661499
1661685
1661707
1663401
1663591
1666717
1667061
1667585
1668637
1669839
1670207
1672677
1675019
1676163
1695625
1696023
1696949
1697001
1697843
1698143
1698155
1702263
1706081
1710193
1718561
1718581
1719295
1729445
1730469
1731505
1731619
1731721
1731771
1731799
1731829
1731877
1732099
1732135
1732169
1732285
1732293
1732487
1732523
1732533
1732571
1732697
1732787
1732899
1732969
1732973
1732987
1732989
1733005
1733063
1733141
1733243
1733361
1733445
1733553
1733567
1733581
1733583
1733587
1733677
1733679
1733681
1733683
1733697
1733791
1733889
1733921
1734037
1734071
1734079
1734215
1734277
1734279
1734283
1734333
1734335
1735673
1736013
1736015
1736017
1736081
1736113
1736121
1736169
1736175
1736179
1736187
1736749
1736751
1737091
1737263
1737549
1737553
1737711
1737997
1738003
1738007
1738011
1738013
1738125
1738767
1738801
1738803
1738807
1739031
1739109
1739135
1739137
1739155
1739189
1739235
1739249
1739257
1739269
1739279
1739283
1739319
1739331
1739421
1739423
1739427
1739457
1739551
1739555
1739597
1739599
1739605
1739611
1739613
1739639
1739761
1739767
1739853
1739883
1739923
1930591
